0.37866027241978895
0.14486718070631913
0.1072124945074499
0.05915098842789014
0.06542901347977977
0.04015285126396237
0.07059749295256541
0.05629131670798339
0.09148027898027898
0.1303811928811929
0.040235690235690236
0.13902517235850567
0.06728395061728396
0.13611111111111113
0.1691137566137566
0.17645502645502642
0.1
0.08395061728395062
0.22916666666666666
0.1611111111111111
0.15185185185185185
0.05555555555555555
0.17592592592592593
0.16666666666666666
0.027777777777777776
0.05555555555555555
0.1111111111111111
0.16666666666666666
0.05555555555555555
0.
0.